C4:11

w =

   1.785626   2.325625   2.812653   2.145039   1.943645   0.503181   1.792241
   0.704953   1.498985   2.672726   1.892381   1.937692   0.344110   1.617917
   0.845003   1.613841   2.742912   1.969692   1.940864   0.287367   1.589489
   0.805345   1.931007   2.756244   1.980199   1.934114   0.051586   1.313762
   0.820212   2.146240   2.742712   2.059304   1.743072  -0.186066   1.086140

>>> b
b =

  -1.271120   0.682230   0.843707   0.159985   0.618851
  -0.682289   1.480055   0.955113  -0.438521   0.703106
  -1.013145   1.602765   0.857197  -0.079371   0.821611
  -0.958128   1.399414   0.877541   0.057051   1.217130
  -0.910803   1.181958   0.921149  -0.138393   1.393061
